/*--------------------------------*- C++ -*----------------------------------*\
| =========                 |                                                 |
| \\      /  F ield         | OpenFOAM: The Open Source CFD Toolbox           |
|  \\    /   O peration     | Version:  2206                                  |
|   \\  /    A nd           | Website:  www.openfoam.com                      |
|    \\/     M anipulation  |                                                 |
\*---------------------------------------------------------------------------*/
FoamFile
{
    version     2.0;
    format      ascii;
    arch        "LSB;label=32;scalar=64";
    class       faceSet;
    location    "constant/polyMesh/sets";
    object      nonOrthoFaces;
}
// * * * * * * * * * * * * * * * * * * * * * * * * * * * * * * * * * * * * * //


980
(
1311229
1311232
1442476
1442480
1442483
1442486
1442489
1442492
1442495
1442498
1442501
1442504
1442507
1442510
1442513
1442516
1442519
1442782
1442787
1442791
1442795
1442799
1442803
1442807
1442811
1442815
1442819
1442823
1442827
1442831
1442835
1442838
1256
1260
1263
1266
1269
1272
1275
1278
1281
1284
1287
1290
1293
1296
1299
1562
1567
1571
1575
1579
1583
1587
1591
1595
1599
1603
1607
1611
1615
1618
2033964
2033967
2165582
2165587
2165591
2165595
2165599
2165603
2165607
2165611
2165615
2165619
2165623
2165627
2165631
2165635
2165638
593274
593277
724892
724897
724901
724905
724909
724913
724917
724921
724925
724929
724933
724937
724941
724945
724948
2036001
2036003
595311
595313
3676317
3676362
3676407
3676452
3676497
3676542
3676587
3676632
3676677
3676722
3676767
3676812
3676857
3676902
3676947
3676992
3677037
3677082
3677127
3677159
4137769
4137814
4137859
4137904
4137949
4137994
4138039
4138084
4138129
4138174
4138219
4138264
4138309
4138354
4138399
4138444
4138489
4138534
4138579
4138611
1979367
1979372
3618623
3618668
3618713
3618758
3618803
3618848
538677
538682
3618893
3618938
3618983
3619028
3619073
3619118
3619163
3619208
3619253
3619298
3619343
3619388
3619433
3619465
2440044
2440047
2440049
2440051
2440053
2440055
2440057
2440059
2440061
2440063
2440065
2440067
2440069
2440071
2440073
2440077
2440081
2440085
2440089
2440093
2440097
2440101
2440105
2440132
2440135
2440138
2440141
2440144
2440147
2440150
2440153
999354
999357
999359
999361
999363
999365
999367
999369
999371
999373
999375
999377
999379
999381
999383
999387
999391
999395
999399
999403
999407
999411
999415
999442
999445
999448
999451
999454
999457
999460
999463
4080175
4080220
4080265
4080310
4080355
4080400
4080445
4080490
4080535
4080580
2442224
4080625
2442227
2442230
2442233
2442236
2442239
2442242
2442244
4080670
4080715
4080760
4080805
2442445
2442447
2442449
4080850
2442451
2442453
2442455
2442457
2442458
4080895
4080940
4080985
4081017
280545
280548
280550
280552
280554
280556
280558
280560
280562
280564
280566
280568
280570
280572
280573
1001534
1001537
1001540
1001543
1001546
1001549
1001552
1001554
1001755
1001757
1001759
1001761
1001763
1001765
1001767
1001768
3231619
3231622
3560929
1791459
1791462
3560974
3561019
3561064
1922706
3561109
1922710
1922713
1922716
1922719
1922722
1922725
1922728
1922731
1922734
1922737
1922740
1922743
1922746
1922749
3561154
3561199
3561244
3561289
3561334
3561379
1923012
1923017
1923021
3561424
1923025
1923029
1923033
1923037
1923041
1923045
1923049
1923053
1923057
1923061
1923065
1923068
3561469
3561514
3561559
3561604
3561649
3561694
3561739
3561771
350629
350632
482016
482020
482023
482026
482029
482032
482035
482038
482041
482044
482047
482050
482053
482056
482059
482322
482327
482331
482335
482339
482343
482347
482351
482355
482359
482363
482367
482371
482375
482378
2514194
2514197
2645812
2645817
2645821
2645825
2645829
2645833
2645837
2645841
2645845
2645849
2645853
2645857
2645861
2645865
2645868
4022481
4022526
4022571
4022616
1073504
1073507
4022661
352666
352668
4022706
4022751
4022796
4022841
4022886
4022931
4022976
4023021
4023066
4023111
4023156
1205122
1205127
1205131
1205135
1205139
1205143
1205147
1205151
4023201
1205155
1205159
1205163
1205167
1205171
1205175
1205178
4023246
4023291
4023323
2516231
2516233
1075541
1075543
3503235
3503280
3503325
3503370
3503415
3503460
3503505
3503550
3503595
3503640
3503685
3503730
3503775
3503820
3503865
3503910
3503955
3504000
3504045
3504077
3964787
3964832
3964877
3964922
3964967
3965012
3965057
3965102
3965147
3965192
3965237
3965282
3965327
3965372
3965417
3965462
3965507
3965552
3965597
3965629
2459597
2459602
1018907
1018912
2919884
2919887
2919889
2919891
2919893
2919895
2919897
2919899
2919901
2919903
2919905
2919907
2919909
2919911
2919913
2919917
2919921
2919925
2919929
2919933
2919937
2919941
2919945
2919972
2919975
2919978
2919981
2919984
2919987
2919990
2919993
3445541
3445586
3445631
1479584
1479587
1479589
1479591
1479593
1479595
3445676
1479597
1479599
1479601
1479603
1479605
1479607
1479609
1479611
1479613
1479617
1479621
1479625
1479629
1479633
1479637
3445721
1479641
1479645
1479672
1479675
1479678
1479681
1479684
3445766
1479687
1479690
1479693
3445811
3445856
3445901
3445946
3445991
3446036
3446081
3446126
3446171
3446216
38364
38367
38369
38371
38373
38375
38377
38379
38381
38383
38385
38387
3446261
38389
38391
38393
38397
38401
38405
38409
38413
38417
38421
38425
3446306
38452
38455
38458
38461
38464
38467
38470
38473
3446351
2922064
2922067
2922070
2922073
2922076
2922079
2922082
2922084
3446383
2922285
2922287
2922289
2922291
2922293
2922295
2922297
2922298
1481764
1481767
1481770
1481773
1481776
1481779
1481782
1481784
1481985
1481987
1481989
1481991
1481993
1481995
1481997
1481998
3907093
3907138
40544
40547
40550
40553
40556
3907183
40559
40562
40564
3907228
3907273
3907318
3907363
40765
40767
40769
40771
40773
40775
40777
40778
3907408
3907453
3907498
3907543
3907588
3907633
3907678
3907723
3907768
3907813
3907858
3907903
3907935
2271689
2271692
2402936
2402940
2402943
2402946
2402949
2402952
2402955
2402958
2402961
2402964
2402967
2402970
2402973
2402976
2402979
2403242
2403247
2403251
2403255
2403259
2403263
2403267
2403271
2403275
2403279
2403283
2403287
2403291
2403295
2403298
830999
831002
962246
962250
962253
962256
962259
962262
962265
962268
962271
962274
962277
2993894
962280
2993897
962283
962286
962289
962552
962557
962561
962565
962569
962573
962577
962581
962585
962589
962593
962597
962601
962605
962608
3387571
3387621
3125512
3125517
3125521
3125525
3387671
3125529
3125533
3125537
3125541
3125545
3125549
3125553
3125557
3125561
3125565
3125568
3387721
3387771
3387821
3387871
3387921
3387971
3388021
3388071
3388121
3388171
3388221
3388271
3388321
3388371
3388421
3388471
3388508
1553734
1553737
2995931
2995933
1685352
1685357
1685361
1685365
1685369
1685373
1685377
112514
1685381
112517
1685385
1685389
1685393
1685397
1685401
1685405
1685408
244132
244137
244141
244145
244149
244153
244157
244161
244165
244169
244173
244177
244181
244185
244188
3849399
3849444
3849489
1555771
1555773
3849534
3849579
3849624
3849669
3849714
3849759
3849804
3849849
3849894
3849939
3849984
3850029
3850074
114551
114553
3850119
3850164
3850209
3850241
3791705
3791750
3791795
3791840
3791885
3791930
3791975
3792020
3792065
3792110
3792155
3792200
3792245
3792290
3792335
3792380
3792425
3792470
3792515
3792547
1499137
1499142
57917
57922
1959814
1959817
1959819
1959821
1959823
1959825
1959827
1959829
1959831
1959833
1959835
1959837
1959839
1959841
1959843
1959847
1959851
1959855
1959859
1959863
1959867
1959871
1959875
1959902
1959905
1959908
1959911
1959914
1959917
1959920
1959923
519124
519127
519129
519131
519133
519135
519137
519139
519141
519143
519145
519147
519149
519151
519153
519157
519161
519165
519169
519173
519177
519181
519185
519212
519215
519218
519221
519224
519227
519230
519233
1961994
1961997
1962000
1962003
1962006
1962009
1962012
1962014
1962215
1962217
1962219
1962221
1962223
1962225
1962227
1962228
521304
521307
521310
521313
521316
521319
521322
521324
521525
521527
521529
521531
521533
521535
521537
521538
3734011
3734056
3734101
3734146
3734191
3734236
3734281
3734326
3734371
3734416
3734461
3734506
3734551
3734596
3734641
3734686
3734731
3734776
3734821
3734853
2751919
2751922
2883397
2883402
2883406
2883410
2883414
2883418
2883422
2883426
2883430
2883434
2883438
2883442
2883446
2883450
2883453
)


// ************************************************************************* //
